0,273
0,270
10,91
10,243
10,187
10,165
10,179
10,171
10,27
446,3
446,1
445,3
445,1
444,4
444,3
9,7
444,1
9,5
443,5
9,2
443,3
9,3
443,1
442,7
442,6
442,4
8,7
442,3
8,8
442,1
8,13
441,5
8,14
441,3
0,432
441,1
440,5
440,4
440,3
440,2
440,1
439,3
439,1
434,3
434,1
425,3
425,1
424,3
424,1
423,3
423,1
422,3
422,2
422,1
421,4
421,3
421,1
418,4
418,3
418,1
20,3
20,2
20,1
19,3
19,2
19,1
14,4
12,3
12,2
12,1
11,30
11,29
11,28
11,27
11,26
11,25
11,24
11,23
11,22
11,21
11,20
11,19
11,18
11,17
11,16
11,15
11,14
11,13
11,12
11,11
11,10
11,9
11,8
11,7
11,6
11,5
11,4
11,3
11,2
11,1
10,317
10,316
10,314
10,313
10,310
10,308
10,301
10,297
10,295
10,294
10,290
10,226
10,198
18,1
10,132
18,3
10,114
14,1
10,70
14,5
